69264688423114558961334468900366470243261590320701969266394527060157102360499828949988576061604828759271209363518569898696585249778734957994111922739142679909508765382847028647362963842668417377288804854158058460078642678017025572374153279077049440254007862246603662504353910709149088299000278976202299319479
45504795102064212881969168699861458210365600757598806873779379909623718930429332715546546265552941268984972494193201627644784981339289135798057753337019019327068910135733073162682605323292842211198905265141941299644323637709001923758388522519796574039773487870494154594624419513478484387616394433690700202998
97096346938829560774894003729881134399760629489914975354047077726597804646404939351039962602823068115756413778759002108400799446359654062652710278856501055091175895297898827406215493010759927951848644635441583045349523687606096328346423859785318399968289383906915178187418039484353190172669115277421761626723
97096346938829560774894003729881134399760629489914975354047077726597804646404939351039962602823068115756413778759002108400799446359654062652710278856501055091175895297898827406215493010759927951848644635441583045349523687606096328346423859785318399968289383906915178187418039484353190172669115277421761626723
48543687700943317696034204164485757827868652784109823946192592768340008534510748603812750532686739390266516029258125894467573841295302314735285902645708159515093048406065795565349817747789657855061525066599242734205953644678023810869895717179850486920030271098755558928438734781021111432876222162664616185940
17555752559893978164162172533097895602388818315693949555418243604030649182502544045294104001617658974255630772297964835526249658673648659813894123586232355034926675214940278930836992792906925055421409552828982684246680970317775428546661261728615894621783055258510926164772905289343473479554928264832352792657
43907172214279984898975170186319887441172516169554088366521050361595495961143472873395717535284002942281746569124943440535137519934108082795256543313508242695080888918093214753253061775575033825314780573417827943072172593025589408698464119580200053790255806793441577856650727749291848437949462688922358530988
55746671881616671225904860391759517905369957428593723290390243735162956422601560747784958423599064944211782456422156498493949195331641238589475366322589966959057855532048655623249023241286443095449566295352251726664223238743507690516002332028803920546701669019918701861272544184982918902763946769706371770242
115999555147310070811355007748435227056113873704243863290062348258558543282354901430766506237159736090772410506440699773110023591408656056100185501580643521624041786587535382776034999465003584935230427077655331004423663397000803052397776695352966756941583017220897642832022876124355542952266730047696177440731
40481838299432855134847253348022228939430459323068163933068434723256190252276235009011592882261844297751756909134635097352039734716034180524476788236496045605259098914862316685390855078005190373173718822042528549163346071086877825012258862864090804362516236167440214517585133782810945937346660227127837095975
17555752559893978164162172533097895602388818315693949555418243604030649182502544045294104001617658974255630772297964835526249658673648659813894123586232355034926675214940278930836992792906925055421409552828982684246680970317775428546661261728615894621783055258510926164772905289343473479554928264832352792657
115999555147310070811355007748435227056113873704243863290062348258558543282354901430766506237159736090772410506440699773110023591408656056100185501580643521624041786587535382776034999465003584935230427077655331004423663397000803052397776695352966756941583017220897642832022876124355542952266730047696177440731
40481838299432855134847253348022228939430459323068163933068434723256190252276235009011592882261844297751756909134635097352039734716034180524476788236496045605259098914862316685390855078005190373173718822042528549163346071086877825012258862864090804362516236167440214517585133782810945937346660227127837095975
17555752559893978164162172533097895602388818315693949555418243604030649182502544045294104001617658974255630772297964835526249658673648659813894123586232355034926675214940278930836992792906925055421409552828982684246680970317775428546661261728615894621783055258510926164772905289343473479554928264832352792657
59863967270002100207763419355891364461399168180364108152575320513958700128177712756147305017559235679333281332614999492665884766707665739750073733809241081006403463677373569033840156101205586714367521726278741349645716262733437829701331829198488460559611521159693670466341240515556419743635275282016100194393
17555752559893978164162172533097895602388818315693949555418243604030649182502544045294104001617658974255630772297964835526249658673648659813894123586232355034926675214940278930836992792906925055421409552828982684246680970317775428546661261728615894621783055258510926164772905289343473479554928264832352792657
76343848441372359906681404179025595828137323842525785676125889961929107117309180379692495437548896890880417424019013921545505707180172302560752627851945990186760826651702676030452660091339451004657343300386775189641852653924908984183877869347868603112212221421114759236690295247727425691317124346830664505835
115999555147310070811355007748435227056113873704243863290062348258558543282354901430766506237159736090772410506440699773110023591408656056100185501580643521624041786587535382776034999465003584935230427077655331004423663397000803052397776695352966756941583017220897642832022876124355542952266730047696177440731
43831943423097973763973848868484382436381312327872673734071135761382026761682982621705157800225147397791062297249490262456051884906275752842777270303155403141561614909805798831618448122095754807915118646673020250348293398057580641941463829534960746454761382281105229453307975103928434887274973058157726169330
21450897122058440186498930543952822069649058911969611180854414228721375395999570212383252868768457868409992734625512943254003751860388545395444327715509156605676723063162993131266441024036320096124566862187185640258318370480330799557225704471963306615232811064525422417711836645045834742231968132339175194566
17555752559893978164162172533097895602388818315693949555418243604030649182502544045294104001617658974255630772297964835526249658673648659813894123586232355034926675214940278930836992792906925055421409552828982684246680970317775428546661261728615894621783055258510926164772905289343473479554928264832352792657
59863967270002100207763419355891364461399168180364108152575320513958700128177712756147305017559235679333281332614999492665884766707665739750073733809241081006403463677373569033840156101205586714367521726278741349645716262733437829701331829198488460559611521159693670466341240515556419743635275282016100194393
67289575498513990647156760582127757836335227574214988197129162894893916320735585583936534944931499372348138794194137831479012482473741073441311510279851381015343252015227384249085114340626052368314730903926580584704880879654515203497170604764959487583177871579849720938382872201425131887875218176717412529109
67289575498513990647156760582127757836335227574214988197129162894893916320735585583936534944931499372348138794194137831479012482473741073441311510279851381015343252015227384249085114340626052368314730903926580584704880879654515203497170604764959487583177871579849720938382872201425131887875218176717412529109
97096346938829560774894003729881134399760629489914975354047077726597804646404939351039962602823068115756413778759002108400799446359654062652710278856501055091175895297898827406215493010759927951848644635441583045349523687606096328346423859785318399968289383906915178187418039484353190172669115277421761626723
115999555147310070811355007748435227056113873704243863290062348258558543282354901430766506237159736090772410506440699773110023591408656056100185501580643521624041786587535382776034999465003584935230427077655331004423663397000803052397776695352966756941583017220897642832022876124355542952266730047696177440731
48024084773590004059307236879053241411009833029189089521506472336079798945157913938687678353315174660600430451581825481708165983097583464125062943263022904968663763684364108471345648339810868429901057201515122788793508854671297133793667825352348155389754750439682362775594708605106365587463033653158865156008
59863967270002100207763419355891364461399168180364108152575320513958700128177712756147305017559235679333281332614999492665884766707665739750073733809241081006403463677373569033840156101205586714367521726278741349645716262733437829701331829198488460559611521159693670466341240515556419743635275282016100194393
95637260318578081154763928039029777267104112965111167466539999868365010819563809401448506653296947894118185244771447802599286279240131215441649494192490695919047887015445326302511378993297144066677192281829414720511146656241257303777651862210170345861712836474839293480371029913888101865532781456110948940302
115999555147310070811355007748435227056113873704243863290062348258558543282354901430766506237159736090772410506440699773110023591408656056100185501580643521624041786587535382776034999465003584935230427077655331004423663397000803052397776695352966756941583017220897642832022876124355542952266730047696177440731
48543687700943317696034204164485757827868652784109823946192592768340008534510748603812750532686739390266516029258125894467573841295302314735285902645708159515093048406065795565349817747789657855061525066599242734205953644678023810869895717179850486920030271098755558928438734781021111432876222162664616185940
43831943423097973763973848868484382436381312327872673734071135761382026761682982621705157800225147397791062297249490262456051884906275752842777270303155403141561614909805798831618448122095754807915118646673020250348293398057580641941463829534960746454761382281105229453307975103928434887274973058157726169330
17555752559893978164162172533097895602388818315693949555418243604030649182502544045294104001617658974255630772297964835526249658673648659813894123586232355034926675214940278930836992792906925055421409552828982684246680970317775428546661261728615894621783055258510926164772905289343473479554928264832352792657
95637260318578081154763928039029777267104112965111167466539999868365010819563809401448506653296947894118185244771447802599286279240131215441649494192490695919047887015445326302511378993297144066677192281829414720511146656241257303777651862210170345861712836474839293480371029913888101865532781456110948940302
48543687700943317696034204164485757827868652784109823946192592768340008534510748603812750532686739390266516029258125894467573841295302314735285902645708159515093048406065795565349817747789657855061525066599242734205953644678023810869895717179850486920030271098755558928438734781021111432876222162664616185940
17555752559893978164162172533097895602388818315693949555418243604030649182502544045294104001617658974255630772297964835526249658673648659813894123586232355034926675214940278930836992792906925055421409552828982684246680970317775428546661261728615894621783055258510926164772905289343473479554928264832352792657
40481838299432855134847253348022228939430459323068163933068434723256190252276235009011592882261844297751756909134635097352039734716034180524476788236496045605259098914862316685390855078005190373173718822042528549163346071086877825012258862864090804362516236167440214517585133782810945937346660227127837095975
45504795102064212881969168699861458210365600757598806873779379909623718930429332715546546265552941268984972494193201627644784981339289135798057753337019019327068910135733073162682605323292842211198905265141941299644323637709001923758388522519796574039773487870494154594624419513478484387616394433690700202998
43831943423097973763973848868484382436381312327872673734071135761382026761682982621705157800225147397791062297249490262456051884906275752842777270303155403141561614909805798831618448122095754807915118646673020250348293398057580641941463829534960746454761382281105229453307975103928434887274973058157726169330
21450897122058440186498930543952822069649058911969611180854414228721375395999570212383252868768457868409992734625512943254003751860388545395444327715509156605676723063162993131266441024036320096124566862187185640258318370480330799557225704471963306615232811064525422417711836645045834742231968132339175194566
17555752559893978164162172533097895602388818315693949555418243604030649182502544045294104001617658974255630772297964835526249658673648659813894123586232355034926675214940278930836992792906925055421409552828982684246680970317775428546661261728615894621783055258510926164772905289343473479554928264832352792657
22295393328995475623337419693161998175186567756795506036261037568792916880104243357813469988979450576269614838118844537918226026970316002344159015158129593378528980706076690819313004722708835256768232108781563985778732482428998858637985170313694549544436556457064724954819141998122861043675743222463477675690
48543687700943317696034204164485757827868652784109823946192592768340008534510748603812750532686739390266516029258125894467573841295302314735285902645708159515093048406065795565349817747789657855061525066599242734205953644678023810869895717179850486920030271098755558928438734781021111432876222162664616185940
114954338532084596165667615438348326265902064925130067929049842011017026421135621307560574807566947383741420321149111139282811858125228753181040900858475551535736675394128239167303633154554259540194301343199844350002409811877592323487194890468715706211798805017165395716988061518166972372035584184131078121939
44263315321482479811673113717102882666074294378218247123709697946267767766459979886576532998351051681514342711014477914742517812748202845784951699977211367084306497647642359078243691772534260599048382785928476127171555420421074514481296876738013633477997384038082595278139405181732561556275417272433241271036
17555752559893978164162172533097895602388818315693949555418243604030649182502544045294104001617658974255630772297964835526249658673648659813894123586232355034926675214940278930836992792906925055421409552828982684246680970317775428546661261728615894621783055258510926164772905289343473479554928264832352792657
28078249354755521422029006468250042753076977565440118361830240690451856973678124112648905654375900637383522551475072174462261733701531059430480428598191505583197974678334993709711239851709208189610450249088378917328344509603920209062924260862393321300328043532601695818317344618302633540738400438682168475947
45504795102064212881969168699861458210365600757598806873779379909623718930429332715546546265552941268984972494193201627644784981339289135798057753337019019327068910135733073162682605323292842211198905265141941299644323637709001923758388522519796574039773487870494154594624419513478484387616394433690700202998
40481838299432855134847253348022228939430459323068163933068434723256190252276235009011592882261844297751756909134635097352039734716034180524476788236496045605259098914862316685390855078005190373173718822042528549163346071086877825012258862864090804362516236167440214517585133782810945937346660227127837095975
40481838299432855134847253348022228939430459323068163933068434723256190252276235009011592882261844297751756909134635097352039734716034180524476788236496045605259098914862316685390855078005190373173718822042528549163346071086877825012258862864090804362516236167440214517585133782810945937346660227127837095975
59863967270002100207763419355891364461399168180364108152575320513958700128177712756147305017559235679333281332614999492665884766707665739750073733809241081006403463677373569033840156101205586714367521726278741349645716262733437829701331829198488460559611521159693670466341240515556419743635275282016100194393
107855909625206990304590977923747474914676752205951588422996167662737632320472526609352237947305967315502669302543105060960950289204742509338694571063194069125215494454468076659005884355328665937170275983129942543069215431001667434949173330197882276387197881628891857578099557431411988843224248184759450923337
45504795102064212881969168699861458210365600757598806873779379909623718930429332715546546265552941268984972494193201627644784981339289135798057753337019019327068910135733073162682605323292842211198905265141941299644323637709001923758388522519796574039773487870494154594624419513478484387616394433690700202998
40481838299432855134847253348022228939430459323068163933068434723256190252276235009011592882261844297751756909134635097352039734716034180524476788236496045605259098914862316685390855078005190373173718822042528549163346071086877825012258862864090804362516236167440214517585133782810945937346660227127837095975
17555752559893978164162172533097895602388818315693949555418243604030649182502544045294104001617658974255630772297964835526249658673648659813894123586232355034926675214940278930836992792906925055421409552828982684246680970317775428546661261728615894621783055258510926164772905289343473479554928264832352792657
114954338532084596165667615438348326265902064925130067929049842011017026421135621307560574807566947383741420321149111139282811858125228753181040900858475551535736675394128239167303633154554259540194301343199844350002409811877592323487194890468715706211798805017165395716988061518166972372035584184131078121939
67289575498513990647156760582127757836335227574214988197129162894893916320735585583936534944931499372348138794194137831479012482473741073441311510279851381015343252015227384249085114340626052368314730903926580584704880879654515203497170604764959487583177871579849720938382872201425131887875218176717412529109
40481838299432855134847253348022228939430459323068163933068434723256190252276235009011592882261844297751756909134635097352039734716034180524476788236496045605259098914862316685390855078005190373173718822042528549163346071086877825012258862864090804362516236167440214517585133782810945937346660227127837095975
95637260318578081154763928039029777267104112965111167466539999868365010819563809401448506653296947894118185244771447802599286279240131215441649494192490695919047887015445326302511378993297144066677192281829414720511146656241257303777651862210170345861712836474839293480371029913888101865532781456110948940302
44263315321482479811673113717102882666074294378218247123709697946267767766459979886576532998351051681514342711014477914742517812748202845784951699977211367084306497647642359078243691772534260599048382785928476127171555420421074514481296876738013633477997384038082595278139405181732561556275417272433241271036
45504795102064212881969168699861458210365600757598806873779379909623718930429332715546546265552941268984972494193201627644784981339289135798057753337019019327068910135733073162682605323292842211198905265141941299644323637709001923758388522519796574039773487870494154594624419513478484387616394433690700202998
59863967270002100207763419355891364461399168180364108152575320513958700128177712756147305017559235679333281332614999492665884766707665739750073733809241081006403463677373569033840156101205586714367521726278741349645716262733437829701331829198488460559611521159693670466341240515556419743635275282016100194393
28078249354755521422029006468250042753076977565440118361830240690451856973678124112648905654375900637383522551475072174462261733701531059430480428598191505583197974678334993709711239851709208189610450249088378917328344509603920209062924260862393321300328043532601695818317344618302633540738400438682168475947
96135275852748906041200845661207701382122316201896754062785753217419414506036858236472334586090774765509823951193807182713077742639126365364687064942799851875148848574008292044653545985998772643701303654453202154757212937148763852292881483079087594340542689895788409904911507826395733957896483845588489341659
17555752559893978164162172533097895602388818315693949555418243604030649182502544045294104001617658974255630772297964835526249658673648659813894123586232355034926675214940278930836992792906925055421409552828982684246680970317775428546661261728615894621783055258510926164772905289343473479554928264832352792657
76343848441372359906681404179025595828137323842525785676125889961929107117309180379692495437548896890880417424019013921545505707180172302560752627851945990186760826651702676030452660091339451004657343300386775189641852653924908984183877869347868603112212221421114759236690295247727425691317124346830664505835
115999555147310070811355007748435227056113873704243863290062348258558543282354901430766506237159736090772410506440699773110023591408656056100185501580643521624041786587535382776034999465003584935230427077655331004423663397000803052397776695352966756941583017220897642832022876124355542952266730047696177440731
43831943423097973763973848868484382436381312327872673734071135761382026761682982621705157800225147397791062297249490262456051884906275752842777270303155403141561614909805798831618448122095754807915118646673020250348293398057580641941463829534960746454761382281105229453307975103928434887274973058157726169330
21450897122058440186498930543952822069649058911969611180854414228721375395999570212383252868768457868409992734625512943254003751860388545395444327715509156605676723063162993131266441024036320096124566862187185640258318370480330799557225704471963306615232811064525422417711836645045834742231968132339175194566
17555752559893978164162172533097895602388818315693949555418243604030649182502544045294104001617658974255630772297964835526249658673648659813894123586232355034926675214940278930836992792906925055421409552828982684246680970317775428546661261728615894621783055258510926164772905289343473479554928264832352792657
45504795102064212881969168699861458210365600757598806873779379909623718930429332715546546265552941268984972494193201627644784981339289135798057753337019019327068910135733073162682605323292842211198905265141941299644323637709001923758388522519796574039773487870494154594624419513478484387616394433690700202998
43831943423097973763973848868484382436381312327872673734071135761382026761682982621705157800225147397791062297249490262456051884906275752842777270303155403141561614909805798831618448122095754807915118646673020250348293398057580641941463829534960746454761382281105229453307975103928434887274973058157726169330
48543687700943317696034204164485757827868652784109823946192592768340008534510748603812750532686739390266516029258125894467573841295302314735285902645708159515093048406065795565349817747789657855061525066599242734205953644678023810869895717179850486920030271098755558928438734781021111432876222162664616185940
114954338532084596165667615438348326265902064925130067929049842011017026421135621307560574807566947383741420321149111139282811858125228753181040900858475551535736675394128239167303633154554259540194301343199844350002409811877592323487194890468715706211798805017165395716988061518166972372035584184131078121939
107855909625206990304590977923747474914676752205951588422996167662737632320472526609352237947305967315502669302543105060960950289204742509338694571063194069125215494454468076659005884355328665937170275983129942543069215431001667434949173330197882276387197881628891857578099557431411988843224248184759450923337
55746671881616671225904860391759517905369957428593723290390243735162956422601560747784958423599064944211782456422156498493949195331641238589475366322589966959057855532048655623249023241286443095449566295352251726664223238743507690516002332028803920546701669019918701861272544184982918902763946769706371770242
17555752559893978164162172533097895602388818315693949555418243604030649182502544045294104001617658974255630772297964835526249658673648659813894123586232355034926675214940278930836992792906925055421409552828982684246680970317775428546661261728615894621783055258510926164772905289343473479554928264832352792657
95637260318578081154763928039029777267104112965111167466539999868365010819563809401448506653296947894118185244771447802599286279240131215441649494192490695919047887015445326302511378993297144066677192281829414720511146656241257303777651862210170345861712836474839293480371029913888101865532781456110948940302
48543687700943317696034204164485757827868652784109823946192592768340008534510748603812750532686739390266516029258125894467573841295302314735285902645708159515093048406065795565349817747789657855061525066599242734205953644678023810869895717179850486920030271098755558928438734781021111432876222162664616185940
17555752559893978164162172533097895602388818315693949555418243604030649182502544045294104001617658974255630772297964835526249658673648659813894123586232355034926675214940278930836992792906925055421409552828982684246680970317775428546661261728615894621783055258510926164772905289343473479554928264832352792657
45504795102064212881969168699861458210365600757598806873779379909623718930429332715546546265552941268984972494193201627644784981339289135798057753337019019327068910135733073162682605323292842211198905265141941299644323637709001923758388522519796574039773487870494154594624419513478484387616394433690700202998
43831943423097973763973848868484382436381312327872673734071135761382026761682982621705157800225147397791062297249490262456051884906275752842777270303155403141561614909805798831618448122095754807915118646673020250348293398057580641941463829534960746454761382281105229453307975103928434887274973058157726169330
48024084773590004059307236879053241411009833029189089521506472336079798945157913938687678353315174660600430451581825481708165983097583464125062943263022904968663763684364108471345648339810868429901057201515122788793508854671297133793667825352348155389754750439682362775594708605106365587463033653158865156008
44263315321482479811673113717102882666074294378218247123709697946267767766459979886576532998351051681514342711014477914742517812748202845784951699977211367084306497647642359078243691772534260599048382785928476127171555420421074514481296876738013633477997384038082595278139405181732561556275417272433241271036
67289575498513990647156760582127757836335227574214988197129162894893916320735585583936534944931499372348138794194137831479012482473741073441311510279851381015343252015227384249085114340626052368314730903926580584704880879654515203497170604764959487583177871579849720938382872201425131887875218176717412529109
22295393328995475623337419693161998175186567756795506036261037568792916880104243357813469988979450576269614838118844537918226026970316002344159015158129593378528980706076690819313004722708835256768232108781563985778732482428998858637985170313694549544436556457064724954819141998122861043675743222463477675690
95637260318578081154763928039029777267104112965111167466539999868365010819563809401448506653296947894118185244771447802599286279240131215441649494192490695919047887015445326302511378993297144066677192281829414720511146656241257303777651862210170345861712836474839293480371029913888101865532781456110948940302
17555752559893978164162172533097895602388818315693949555418243604030649182502544045294104001617658974255630772297964835526249658673648659813894123586232355034926675214940278930836992792906925055421409552828982684246680970317775428546661261728615894621783055258510926164772905289343473479554928264832352792657
95637260318578081154763928039029777267104112965111167466539999868365010819563809401448506653296947894118185244771447802599286279240131215441649494192490695919047887015445326302511378993297144066677192281829414720511146656241257303777651862210170345861712836474839293480371029913888101865532781456110948940302
55746671881616671225904860391759517905369957428593723290390243735162956422601560747784958423599064944211782456422156498493949195331641238589475366322589966959057855532048655623249023241286443095449566295352251726664223238743507690516002332028803920546701669019918701861272544184982918902763946769706371770242
45504795102064212881969168699861458210365600757598806873779379909623718930429332715546546265552941268984972494193201627644784981339289135798057753337019019327068910135733073162682605323292842211198905265141941299644323637709001923758388522519796574039773487870494154594624419513478484387616394433690700202998
28078249354755521422029006468250042753076977565440118361830240690451856973678124112648905654375900637383522551475072174462261733701531059430480428598191505583197974678334993709711239851709208189610450249088378917328344509603920209062924260862393321300328043532601695818317344618302633540738400438682168475947
17555752559893978164162172533097895602388818315693949555418243604030649182502544045294104001617658974255630772297964835526249658673648659813894123586232355034926675214940278930836992792906925055421409552828982684246680970317775428546661261728615894621783055258510926164772905289343473479554928264832352792657
109618341295383147251841441781371620438132331339040869133942107628310757517237494496769798227782073286948612241869934428597607781619433539484273373836182289532754555352823477975208253766808511546963907254305468560198739299276356274130827888085013684696727359711466306397029504830180841422140065010082813248954
45504795102064212881969168699861458210365600757598806873779379909623718930429332715546546265552941268984972494193201627644784981339289135798057753337019019327068910135733073162682605323292842211198905265141941299644323637709001923758388522519796574039773487870494154594624419513478484387616394433690700202998
61680403925535276868609481488685236489715538216673647595661914310575829934322178893478993204777447544543592204306934550339255020997529390931545125618485882557765737823707106171592772556896176179502704696582213123078824906445855179229904335390309489278550955789624844881832600855928904672007450685872144791617
48543687700943317696034204164485757827868652784109823946192592768340008534510748603812750532686739390266516029258125894467573841295302314735285902645708159515093048406065795565349817747789657855061525066599242734205953644678023810869895717179850486920030271098755558928438734781021111432876222162664616185940
44263315321482479811673113717102882666074294378218247123709697946267767766459979886576532998351051681514342711014477914742517812748202845784951699977211367084306497647642359078243691772534260599048382785928476127171555420421074514481296876738013633477997384038082595278139405181732561556275417272433241271036
45504795102064212881969168699861458210365600757598806873779379909623718930429332715546546265552941268984972494193201627644784981339289135798057753337019019327068910135733073162682605323292842211198905265141941299644323637709001923758388522519796574039773487870494154594624419513478484387616394433690700202998
17555752559893978164162172533097895602388818315693949555418243604030649182502544045294104001617658974255630772297964835526249658673648659813894123586232355034926675214940278930836992792906925055421409552828982684246680970317775428546661261728615894621783055258510926164772905289343473479554928264832352792657
40481838299432855134847253348022228939430459323068163933068434723256190252276235009011592882261844297751756909134635097352039734716034180524476788236496045605259098914862316685390855078005190373173718822042528549163346071086877825012258862864090804362516236167440214517585133782810945937346660227127837095975
45504795102064212881969168699861458210365600757598806873779379909623718930429332715546546265552941268984972494193201627644784981339289135798057753337019019327068910135733073162682605323292842211198905265141941299644323637709001923758388522519796574039773487870494154594624419513478484387616394433690700202998
43831943423097973763973848868484382436381312327872673734071135761382026761682982621705157800225147397791062297249490262456051884906275752842777270303155403141561614909805798831618448122095754807915118646673020250348293398057580641941463829534960746454761382281105229453307975103928434887274973058157726169330
21450897122058440186498930543952822069649058911969611180854414228721375395999570212383252868768457868409992734625512943254003751860388545395444327715509156605676723063162993131266441024036320096124566862187185640258318370480330799557225704471963306615232811064525422417711836645045834742231968132339175194566
115999555147310070811355007748435227056113873704243863290062348258558543282354901430766506237159736090772410506440699773110023591408656056100185501580643521624041786587535382776034999465003584935230427077655331004423663397000803052397776695352966756941583017220897642832022876124355542952266730047696177440731
43831943423097973763973848868484382436381312327872673734071135761382026761682982621705157800225147397791062297249490262456051884906275752842777270303155403141561614909805798831618448122095754807915118646673020250348293398057580641941463829534960746454761382281105229453307975103928434887274973058157726169330
107855909625206990304590977923747474914676752205951588422996167662737632320472526609352237947305967315502669302543105060960950289204742509338694571063194069125215494454468076659005884355328665937170275983129942543069215431001667434949173330197882276387197881628891857578099557431411988843224248184759450923337
17555752559893978164162172533097895602388818315693949555418243604030649182502544045294104001617658974255630772297964835526249658673648659813894123586232355034926675214940278930836992792906925055421409552828982684246680970317775428546661261728615894621783055258510926164772905289343473479554928264832352792657
89971113362445738399933612143165054442601362812668595291156166010694905669051052708967740608270128161938992170420742214045535670271714514794690455910441340142715423248754486544665834686942253405566903721623507645938133635055461780450373791246843002313690460776063092294356330923138117679999352605289867353277
67289575498513990647156760582127757836335227574214988197129162894893916320735585583936534944931499372348138794194137831479012482473741073441311510279851381015343252015227384249085114340626052368314730903926580584704880879654515203497170604764959487583177871579849720938382872201425131887875218176717412529109
32862545278121949829602321410032378874743122381384466617365843170103511527542457206916764449306623377272762317711193868910236842060418811445882165746024772258236754727305101362785471523587375526092106945728553536595689410796800296111709909468190996451200878981187628129511094149316807201242469736477347909910
32862545278121949829602321410032378874743122381384466617365843170103511527542457206916764449306623377272762317711193868910236842060418811445882165746024772258236754727305101362785471523587375526092106945728553536595689410796800296111709909468190996451200878981187628129511094149316807201242469736477347909910
